1	12939485	12939485
1	12939611	12939611
1	12939782	12939782
1	12941807	12941807
1	12942113	12942113
1	12942944	12942944
1	12943161	12943161
1	16199441	16199442
1	16202800	16202801
1	16202935	16202936
1	16247478	16247478
1	16254679	16254679
1	16255129	16255130
1	16255132	16255132
1	16257012	16257012
1	16257914	16257914
1	16258660	16258661
1	16258804	16258804
1	16258909	16258915
1	16260104	16260104
1	16260233	16260233
1	16260482	16260482
1	16260814	16260814
1	16260889	16260889
1	16261272	16261273
1	16261459	16261459
1	16261573	16261573
1	16262320	16262320
1	16262615	16262615
1	16263797	16263797
1	16265833	16265834
1	16265897	16265909
1	16889014	16889014
1	16889044	16889044
1	16889217	16889217
1	16889820	16889820
1	16889890	16889891
1	16889985	16889985
1	16891365	16891365
1	16892135	16892135
1	16892212	16892212
1	16892256	16892256
1	16893721	16893721
1	16893784	16893784
1	16899669	16899669
1	16901095	16901095
1	16902844	16902844
1	16902939	16902939
1	16912063	16912063
1	16912133	16912133
1	16912164	16912164
1	16914275	16914275
1	16916395	16916395
1	16918653	16918653
1	17081462	17081462
1	17083632	17083632
1	17083652	17083652
1	17083714	17083714
1	17083778	17083778
1	17083782	17083782
1	17083837	17083837
1	17083838	17083838
1	17084066	17084066
1	17084538	17084538
1	17084730	17084730
1	17085590	17085595
1	17085780	17085780
1	17086085	17086086
1	17086183	17086183
1	17086940	17086941
1	17087542	17087546
1	17087543	17087544
1	27057874	27057874
1	27057934	27057934
1	27087442	27087442
1	27087880	27087880
1	27087886	27087892
1	27087893	27087902
1	27087894	27087899
1	27089586	27089586
1	27089688	27089688
1	27094455	27094456
1	27099478	27099478
1	27101427	27101428
1	27106136	27106136
1	27106230	27106230
1	27106363	27106363
1	27106498	27106498
1	27106816	27106816
1	27107135	27107136
1	31188155	31188155
1	31191659	31191659
1	65855273	65855273
1	65860643	65860643
1	65878608	65878608
1	89448795	89448795
1	111060445	111060445
1	112997128	112997130
1	112998889	112998889
1	112999478	112999478
1	112999921	112999921
1	114372309	114372309
1	114372636	114372636
1	114376945	114376945
1	114377000	114377000
1	114380359	114380359
1	114380586	114380586
1	114380881	114380881
1	114397122	114397122
1	114397570	114397570
1	145299838	145299838
1	145299900	145299900
1	145302775	145302775
1	145311128	145311128
1	145311931	145311931
1	145323656	145323656
1	145323666	145323666
1	145323667	145323667
1	145367777	145367777
1	145368577	145368577
1	145663210	145663210
1	146400130	146400130
1	146408106	146408107
1	148004597	148004597
1	148009349	148009349
1	148011766	148011768
1	148017589	148017589
1	148579636	148579636
1	152185557	152185557
1	152185679	152185679
1	152185882	152185882
1	152186041	152186042
1	152186053	152186053
1	152186443	152186443
1	152186490	152186490
1	152186614	152186614
1	152186837	152186837
1	152187437	152187437
1	152187588	152187588
1	152188277	152188277
1	152188526	152188526
1	152188769	152188769
1	152188847	152188847
1	152188999	152188999
1	152189016	152189016
1	152189038	152189038
1	152189242	152189242
1	152189263	152189263
1	152189272	152189272
1	152190916	152190916
1	152191302	152191303
1	152191305	152191305
1	152191378	152191378
1	152191571	152191571
1	152191578	152191578
1	152191856	152191856
1	152192762	152192762
1	152192919	152192919
1	152193787	152193787
1	152275600	152275600
1	152275739	152275739
1	152276139	152276139
1	152276492	152276492
1	152276823	152276823
1	152277093	152277093
1	152277116	152277116
1	152277404	152277404
1	152278000	152278000
1	152278409	152278409
1	152278649	152278649
1	152279012	152279012
1	152279083	152279083
1	152279089	152279089
1	152279371	152279371
1	152279627	152279627
1	152279767	152279767
1	152279873	152279873
1	152279942	152279942
1	152280087	152280087
1	152280540	152280540
1	152280830	152280830
1	152281273	152281273
1	152281708	152281708
1	152282321	152282321
1	152282524	152282524
1	152282641	152282641
1	152282658	152282658
1	152282683	152282683
1	152282807	152282807
1	152282818	152282818
1	152283132	152283132
1	152283655	152283655
1	152283965	152283965
1	152284025	152284025
1	152284334	152284334
1	152284604	152284604
1	152284782	152284782
1	152285017	152285017
1	152285536	152285536
1	152285926	152285934
1	152285981	152285981
1	152286025	152286025
1	152286754	152286754
1	152286937	152286937
1	152323181	152323181
1	152324739	152324739
1	152325364	152325364
1	152326689	152326689
1	152326999	152326999
1	152327278	152327278
1	152327936	152327936
1	152328629	152328629
1	152328814	152328814
1	152329344	152329344
1	152329372	152329372
1	152329634	152329634
1	152329961	152329961
1	153233488	153233489
1	153907279	153907287
1	153907305	153907306
1	153912954	153912954
1	153915527	153915527
1	153916788	153916788
1	154841540	154841540
1	154841911	154841911
1	154842199	154842200
1	154842200	154842205
1	158582648	158582648
1	158583566	158583566
1	158583632	158583632
1	158583650	158583650
1	158584095	158584095
1	158589080	158589080
1	158590173	158590173
1	158604413	158604413
1	158605731	158605733
1	158605735	158605743
1	158606472	158606472
1	158608032	158608032
1	158612286	158612286
1	158615008	158615008
1	158615165	158615165
1	158615335	158615335
1	158619688	158619688
1	158624423	158624423
1	158627369	158627369
1	158636110	158636110
1	158637768	158637768
1	158639531	158639531
1	158641868	158641868
1	158644181	158644181
1	158644209	158644209
1	158646004	158646004
1	158647585	158647585
1	158648273	158648273
1	158648298	158648298
1	158651410	158651410
1	158653171	158653171
1	158654937	158654937
1	158654984	158654984
1	197326056	197326056
1	197390446	197390446
1	197396665	197396665
1	197397057	197397057
1	215802376	215802376
1	215814011	215814011
1	215820992	215820992
1	215844346	215844346
1	215844496	215844496
1	215847544	215847544
1	215847722	215847722
1	215847863	215847863
1	215848217	215848217
1	215848460	215848460
1	215848573	215848573
1	215848874	215848874
1	215916652	215916652
1	215932030	215932030
1	215932045	215932045
1	215933100	215933100
1	215953193	215953193
1	215953312	215953312
1	215955505	215955505
1	216052394	216052394
1	216061968	216061968
1	216062079	216062079
1	216108090	216108090
1	216138717	216138717
1	216138777	216138777
1	216172264	216172264
1	216173838	216173838
1	216219877	216219877
1	216221986	216221986
1	216246478	216246479
1	216246506	216246506
1	216246562	216246562
1	216251659	216251659
1	216348792	216348792
1	216348807	216348807
1	216371845	216371845
1	216371889	216371889
1	216373262	216373262
1	216390820	216390820
1	216390881	216390881
1	216420207	216420207
1	216498908	216498908
1	216591941	216591941
1	223971901	223971901
1	223989890	223989890
1	223991057	223991057
1	232940798	232940798
1	232940918	232940925
1	232942237	232942237
1	232942483	232942483
1	232943549	232943549
1	237532863	237532863
1	237550619	237550619
1	237551480	237551480
1	237580371	237580371
1	237586392	237586392
1	237608771	237608771
1	237608772	237608772
1	237608817	237608817
1	237632461	237632461
1	237656376	237656376
1	237659960	237659960
1	237664064	237664064
1	237670043	237670043
1	237675055	237675055
1	237693803	237693803
1	237711763	237711763
1	237713931	237713931
1	237753140	237753140
1	237753282	237753282
1	237766440	237766440
1	237777445	237777446
1	237777585	237777585
1	237777665	237777665
1	237777819	237777819
1	237791164	237791164
1	237791276	237791276
1	237796915	237796915
1	237801707	237801707
1	237802483	237802483
1	237806646	237806646
1	237813233	237813233
1	237837413	237837413
1	237863760	237863760
1	237868586	237868586
1	237870517	237870517
1	237881772	237881772
1	237889592	237889592
1	237890431	237890431
1	237895411	237895411
1	237897015	237897015
1	237924301	237924301
1	237947265	237947265
1	237947353	237947353
1	237947546	237947546
1	237947615	237947615
1	237948029	237948029
1	237954734	237954734
1	237955580	237955580
1	240255574	240255574
1	240255687	240255687
1	240256746	240256746
1	240370290	240370290
1	240370352	240370352
1	240370374	240370374
1	240370552	240370552
1	240370946	240370946
1	240370995	240370995
1	240370998	240370998
1	240371019	240371019
1	240371034	240371034
1	240371704	240371704
1	240374531	240374531
1	240492411	240492411
1	240494024	240494024
1	240497202	240497202
1	240601396	240601396
1	240601454	240601454
1	240966282	240966282
1	240969478	240969478
1	240969512	240969512
1	240969623	240969623
1	240975222	240975222
1	240976995	240976995
1	240990397	240990397
1	241094016	241094016
1	241094034	241094034
1	247320267	247320267
1	247320336	247320336
1	247654611	247654611
1	247654793	247654793
1	247654805	247654805
1	247655187	247655187
1	247655261	247655261
1	247655373	247655373
1	247835571	247835571
1	247835593	247835593
1	247836055	247836055
1	247836219	247836219
1	248436177	248436177
1	248436408	248436408
1	248436504	248436504
1	248436655	248436655
1	248636826	248636826
1	248636865	248636865
1	248636948	248636948
1	248637013	248637013
1	248637179	248637179
1	248637381	248637381
1	248637452	248637452
1	248637580	248637580
1	248737334	248737334
1	248737415	248737415
1	248737567	248737567
1	248737734	248737734
1	248737771	248737771
1	248737930	248737930
1	248737984	248737984
1	248801684	248801684
1	248801953	248801954
2	7179763	7179763
2	11053551	11053551
2	11053665	11053665
2	24303814	24303814
2	25016138	25016138
2	43452474	43452474
2	43452567	43452567
2	43453434	43453434
2	43453450	43453450
2	86831287	86831287
2	86832076	86832076
2	129026048	129026048
2	129075877	129075877
2	131976219	131976219
2	131976471	131976471
2	132021709	132021709
2	132021946	132021946
2	133014651	133014652
2	165378582	165378582
2	179396209	179396209
2	179396767	179396767
2	179397545	179397545
2	179398516	179398516
2	179399740	179399774
2	179403912	179403912
2	179408032	179408032
2	179408789	179408789
2	179410619	179410619
2	179414943	179414943
2	179416608	179416608
2	179417111	179417111
2	179417322	179417322
2	179417407	179417407
2	179419673	179419673
2	179419748	179419748
2	179422744	179422744
2	179423171	179423171
2	179425252	179425252
2	179425385	179425385
2	179425922	179425922
2	179426201	179426201
2	179426582	179426582
2	179426695	179426695
2	179427389	179427389
2	179427679	179427679
2	179427821	179427821
2	179429426	179429426
2	179429698	179429698
2	179430671	179430671
2	179433377	179433377
2	179434772	179434772
2	179435537	179435537
2	179436055	179436055
2	179436920	179436920
2	179437368	179437368
2	179438786	179438786
2	179438827	179438827
2	179440959	179440959
2	179441108	179441113
2	179441677	179441677
2	179442477	179442477
2	179442485	179442485
2	179442793	179442793
2	179443676	179443676
2	179443774	179443774
2	179444052	179444052
2	179444429	179444429
2	179445095	179445095
2	179445267	179445267
2	179446724	179446724
2	179448488	179448488
2	179449278	179449278
2	179449464	179449464
2	179449558	179449558
2	179452019	179452019
2	179452261	179452261
2	179455719	179455719
2	179456033	179456033
2	179456070	179456070
2	179456109	179456109
2	179456460	179456460
2	179456809	179456809
2	179457975	179457975
2	179458370	179458370
2	179458942	179458942
2	179462304	179462304
2	179463325	179463325
2	179463526	179463526
2	179465819	179465819
2	179466175	179466175
2	179466427	179466427
2	179467114	179467114
2	179467306	179467306
2	179469435	179469435
2	179469849	179469849
2	179469856	179469856
2	179471808	179471808
2	179471857	179471857
2	179471955	179471955
2	179474059	179474059
2	179476280	179476280
2	179477095	179477095
2	179477137	179477137
2	179477304	179477304
2	179477701	179477701
2	179478997	179478997
2	179479066	179479066
2	179479294	179479294
2	179479656	179479656
2	179479664	179479664
2	179480082	179480082
2	179481483	179481483
2	179483183	179483183
2	179483357	179483357
2	179495587	179495587
2	179497091	179497091
2	179497253	179497253
2	179498292	179498292
2	179498336	179498336
2	179499240	179499240
2	179499272	179499272
2	179499339	179499339
2	179499514	179499514
2	179501201	179501201
2	179527763	179527763
2	179536934	179536934
2	179545856	179545856
2	179547548	179547548
2	179549456	179549456
2	179550299	179550299
2	179558410	179558410
2	179560781	179560781
2	179566921	179566921
2	179569097	179569097
2	179569129	179569129
2	179574368	179574368
2	179576811	179576811
2	179581989	179581989
2	179583460	179583460
2	179583919	179583919
2	179584070	179584070
2	179584289	179584289
2	179584439	179584439
2	179584560	179584560
2	179585182	179585182
2	179585241	179585241
2	179587200	179587200
2	179588692	179588692
2	179592332	179592332
2	179592543	179592543
2	179592849	179592849
2	179593823	179593823
2	179594238	179594238
2	179595715	179595715
2	179597176	179597185
2	179597266	179597266
2	179598483	179598483
2	179599535	179599535
2	179600355	179600355
2	179604078	179604078
2	179604271	179604271
2	179604295	179604295
2	179604866	179604866
2	179605501	179605501
2	179605674	179605674
2	179605821	179605821
2	179605967	179605967
2	179606022	179606022
2	179610505	179610505
2	179611371	179611371
2	179611635	179611635
2	179612700	179612700
2	179613239	179613239
2	179613383	179613383
2	179613547	179613547
2	179613845	179613845
2	179614480	179614480
2	179614907	179614907
2	179615171	179615171
2	179615666	179615666
2	179615735	179615735
2	179615822	179615822
2	179621321	179621321
2	179632645	179632645
2	179635029	179635029
2	179639817	179639817
2	179640141	179640141
2	179640219	179640219
2	179640414	179640414
2	179640575	179640575
2	179641483	179641483
2	179641907	179641907
2	179645892	179645892
2	179647587	179647587
2	179647781	179647781
2	179649010	179649010
2	179650411	179650411
2	179650417	179650417
2	179650716	179650716
2	187559029	187559030
2	187559047	187559048
2	187611928	187611928
2	187616031	187616031
2	187626600	187626600
2	187626606	187626606
2	187626830	187626830
2	187627333	187627333
2	198266493	198266493
2	198266542	198266542
2	198266834	198266834
2	198267361	198267361
2	198267459	198267459
2	198267481	198267481
2	198274677	198274677
2	202123066	202123066
2	202131411	202131411
2	202134268	202134268
2	202137448	202137448
2	202141566	202141566
2	202141586	202141586
2	202141634	202141634
2	202149565	202149565
2	202149683	202149683
2	202149905	202149905
2	208992995	208992995
2	208993007	208993007
2	208993146	208993146
2	208993166	208993166
2	208994365	208994365
2	208994511	208994511
2	209302289	209302289
2	209307155	209307155
2	218669195	218669195
2	218682600	218682600
2	218686502	218686502
2	218712887	218712889
2	218713217	218713217
2	218745658	218745658
2	219508614	219508614
2	219509721	219509721
2	219509726	219509735
2	219513520	219513520
2	219514141	219514141
2	228846465	228846465
2	228855865	228855865
2	228855884	228855884
2	228881454	228881454
2	228881884	228881884
2	228882135	228882135
2	228882873	228882873
2	228883047	228883047
2	228883499	228883499
2	228884249	228884249
2	228884261	228884261
2	228884271	228884271
2	228884721	228884721
2	228996728	228996728
2	233655446	233655446
2	233655500	233655500
2	233708862	233708862
2	233712227	233712229
3	44607075	44607075
3	44611611	44611611
3	44612620	44612620
3	44612634	44612634
3	44612650	44612650
3	44612804	44612804
3	44685697	44685697
3	49742580	49742580
3	49750025	49750025
3	49751012	49751012
3	49757963	49757963
3	49758302	49758302
3	50151418	50151418
3	50151449	50151449
3	50154522	50154522
3	50155888	50155889
3	56591278	56591279
3	56605211	56605211
3	56650033	56650033
3	56650054	56650055
3	56653393	56653393
3	56653531	56653531
3	56655730	56655730
3	56655847	56655849
3	65342480	65342480
3	65346921	65346921
3	65361584	65361584
3	65372850	65372851
3	65425560	65425561
3	85935421	85935421
3	85984959	85984959
3	86114834	86114834
3	86115884	86115884
3	124951438	124951438
3	124952376	124952379
3	133524816	133524816
3	133524840	133524859
3	133530017	133530017
3	142840438	142840438
3	142840752	142840752
3	142840898	142840898
3	142840933	142840933
3	142841031	142841031
3	149619889	149619889
3	176744190	176744190
3	176750547	176750553
3	176750669	176750669
3	176752091	176752091
3	176756187	176756189
3	176765098	176765098
3	176769295	176769296
3	176769296	176769297
3	176769299	176769300
3	176771560	176771560
3	176771659	176771659
3	185146578	185146578
3	185165697	185165697
3	185165736	185165736
3	185181413	185181413
3	185191457	185191457
3	185198077	185198077
3	185198098	185198098
3	185198193	185198193
3	194408411	194408412
3	194408538	194408538
3	195452645	195452645
3	195452649	195452649
3	195452814	195452814
3	195452951	195452951
3	195453371	195453371
3	195460039	195460039
3	195480096	195480096
3	195486130	195486130
3	195490502	195490502
3	195492266	195492266
3	195497194	195497194
3	195505801	195505801
3	195505807	195505807
3	195505811	195505811
3	195505822	195505822
3	195505829	195505829
3	195505836	195505836
3	195505841	195505841
3	195505944	195505944
3	195505960	195505960
3	195506037	195506037
3	195506172	195506172
3	195506293	195506293
3	195506332	195506332
3	195506339	195506339
3	195506364	195506364
3	195506387	195506387
3	195506453	195506453
3	195506517	195506517
3	195506579	195506579
3	195506597	195506597
3	195506603	195506603
3	195506606	195506606
3	195506775	195506775
3	195506940	195506940
3	195506982	195506982
3	195506990	195506990
3	195507062	195507062
3	195507132	195507132
3	195507242	195507242
3	195507529	195507529
3	195507721	195507721
3	195507762	195507762
3	195507817	195507817
3	195507851	195507851
3	195508108	195508108
3	195508115	195508115
3	195508385	195508385
3	195508476	195508476
3	195508571	195508571
3	195508692	195508692
3	195509202	195509202
3	195509429	195509429
3	195509606	195509606
3	195509655	195509655
3	195509886	195509886
3	195509941	195509941
3	195510156	195510156
3	195510372	195510372
3	195510725	195510725
3	195510762	195510762
3	195510785	195510785
3	195510877	195510877
3	195510937	195510937
3	195510990	195510990
3	195511180	195511180
3	195511438	195511438
3	195511465	195511465
3	195511486	195511486
3	195511523	195511523
3	195511634	195511634
3	195511668	195511668
3	195511788	195511788
3	195511945	195511945
3	195511959	195511959
3	195512080	195512080
3	195512698	195512698
3	195513060	195513060
3	195513398	195513398
3	195513481	195513481
3	195514948	195514948
3	195515003	195515003
3	195515008	195515008
3	195515052	195515052
3	195515134	195515134
3	195515194	195515194
3	195515766	195515766
3	195515927	195515927
3	195516064	195516064
3	196199408	196199408
3	196199594	196199594
3	196511870	196511870
4	366959	366959
4	906526	906526
4	1388375	1388376
4	1388378	1388379
4	1388379	1388379
4	1388441	1388441
4	1388622	1388623
4	1388707	1388707
4	1388806	1388807
4	1388819	1388819
4	1389117	1389118
4	1389289	1389289
4	47427898	47427898
4	88533705	88533706
4	88534180	88534180
4	88534248	88534248
4	88535329	88535329
4	88536014	88536031
4	88536553	88536553
4	88536886	88536886
4	88537096	88537096
4	88537101	88537101
4	88537227	88537227
4	88537243	88537243
4	88537249	88537249
4	88537258	88537258
4	88537298	88537306
4	88537324	88537324
4	88537444	88537444
4	88537602	88537602
4	122681612	122681612
4	122682720	122682720
4	122682808	122682808
4	122682813	122682813
4	134071406	134071406
4	134071574	134071574
4	134072136	134072136
4	134072178	134072178
4	134073305	134073305
4	134073569	134073569
4	134073838	134073838
4	134073920	134073920
4	134084410	134084410
4	138442365	138442365
4	138442550	138442550
4	138451272	138451272
4	138451370	138451370
4	138452231	138452231
4	138452906	138452906
4	152499108	152499108
4	152499180	152499180
4	152571037	152571037
4	152583754	152583754
4	154669848	154669848
4	190873403	190873403
4	190876224	190876224
4	190876263	190876263
4	190878562	190878562
4	190878577	190878577
4	190878589	190878589
4	190878608	190878608
5	9063053	9063053
5	9066543	9066543
5	9108318	9108318
5	9154711	9154711
5	9154769	9154769
5	9197331	9197331
5	9202176	9202176
5	9202316	9202316
5	9224930	9224930
5	19483502	19483502
5	21751992	21751992
5	21752184	21752184
5	21802509	21802509
5	21817115	21817115
5	21842404	21842404
5	21975200	21975200
5	21975210	21975210
5	21975470	21975470
5	24491920	24491920
5	24511481	24511481
5	24511615	24511615
5	24535931	24535931
5	24593491	24593491
5	34812309	34812309
5	34813753	34813753
5	34823772	34823772
5	34824468	34824468
5	43161487	43161487
5	43161509	43161509
5	43161888	43161888
5	43174618	43174618
5	43174806	43174806
5	43175004	43175004
5	43175143	43175143
5	54826411	54826411
5	54826742	54826742
5	56152454	56152455
5	56152545	56152545
5	56152573	56152574
5	56155572	56155572
5	56155605	56155605
5	56155725	56155726
5	56160565	56160565
5	56160578	56160579
5	56160679	56160680
5	56160697	56160700
5	56160761	56160761
5	56161191	56161191
5	56161239	56161240
5	56161678	56161678
5	56161690	56161691
5	56161795	56161795
5	56167801	56167802
5	56167804	56167805
5	56168483	56168483
5	56168534	56168534
5	56168719	56168719
5	56168740	56168740
5	56170880	56170880
5	56170931	56170932
5	56170973	56170973
5	56171058	56171059
5	56171088	56171088
5	56171109	56171115
5	56174851	56174852
5	56174909	56174909
5	56176548	56176548
5	56177010	56177011
5	56177011	56177014
5	56177058	56177059
5	56177098	56177117
5	56177099	56177099
5	56177410	56177411
5	56177500	56177500
5	56177537	56177538
5	56177598	56177598
5	56177874	56177875
5	56177875	56177875
5	56177954	56177954
5	56177978	56177978
5	56178024	56178027
5	56178085	56178085
5	56178135	56178136
5	56178143	56178144
5	56178146	56178146
5	56178150	56178153
5	56178169	56178169
5	56178253	56178253
5	56178257	56178257
5	56178399	56178400
5	56178400	56178400
5	56178411	56178411
5	56178459	56178460
5	56178466	56178467
5	56178571	56178571
5	56178577	56178577
5	56178672	56178673
5	56179396	56179396
5	56179424	56179425
5	56180503	56180504
5	56180536	56180537
5	56180586	56180588
5	56181765	56181765
5	56181812	56181814
5	56183211	56183211
5	56183240	56183241
5	56183243	56183248
5	56183296	56183297
5	56183311	56183311
5	56183347	56183347
5	56184070	56184088
5	56184093	56184093
5	56184097	56184097
5	56184105	56184105
5	56189387	56189387
5	56189423	56189436
5	56189440	56189440
5	56189442	56189442
5	63510190	63510190
5	63621163	63621163
5	65338994	65338994
5	65346627	65346628
5	65370887	65370887
5	65370946	65370946
5	65372231	65372231
5	67586647	67586647
5	67589230	67589230
5	67589269	67589269
5	67589556	67589556
5	67589601	67589602
5	67589607	67589608
5	67589611	67589612
5	67589613	67589614
5	67589627	67589627
5	67589630	67589631
5	67590467	67590467
5	67590481	67590481
5	67591083	67591083
5	67591095	67591124
5	67591104	67591115
5	67591111	67591112
5	67591118	67591138
5	67591127	67591129
5	67591130	67591150
5	67591136	67591137
5	67592087	67592087
5	140552525	140552525
5	140552846	140552846
5	140553041	140553041
5	140553150	140553150
5	140553379	140553379
5	140553401	140553401
5	140553707	140553707
5	140554089	140554089
5	140554394	140554394
5	140554481	140554481
5	140615467	140615467
5	140615597	140615597
5	140615817	140615817
5	140615827	140615827
5	140616046	140616046
5	140616393	140616393
5	141243846	141243846
5	141244045	141244045
5	141244076	141244076
5	141248193	141248193
5	141324955	141324956
5	141329074	141329074
5	141334577	141334577
5	141335925	141335925
5	141359713	141359714
5	141359789	141359789
5	141362978	141362978
5	176026122	176026134
5	176026136	176026146
5	179440193	179440193
5	180335598	180335598
5	180376957	180376957
5	180377233	180377233
5	180377494	180377494
6	13977498	13977498
6	13977576	13977576
6	13977702	13977702
6	13977923	13977923
6	13978083	13978083
6	26031883	26031884
6	26031937	26031937
6	26032006	26032006
6	26032045	26032045
6	26032049	26032049
6	26032069	26032069
6	26032071	26032071
6	26032136	26032136
6	26056019	26056021
6	26056039	26056039
6	26056062	26056062
6	26056168	26056182
6	26056695	26056695
6	26123759	26123759
6	26123793	26123793
6	26123825	26123825
6	26123904	26123904
6	26123995	26123995
6	26124000	26124000
6	27419341	27419341
6	27419990	27419990
6	27805735	27805735
6	27805754	27805754
6	27805901	27805901
6	27806084	27806084
6	27806113	27806113
6	28056897	28056897
6	28120897	28120897
6	28120996	28120996
6	28195034	28195034
6	30954351	30954351
6	30954356	30954356
6	30954439	30954439
6	30954534	30954534
6	30954618	30954618
6	30954754	30954754
6	30954919	30954919
6	31937797	31937797
6	32180644	32180644
6	32188059	32188059
6	32188550	32188550
6	32190509	32190509
6	32190561	32190561
6	32190850	32190850
6	32191658	32191659
6	32191659	32191661
6	32520834	32520844
6	32521160	32521160
6	32522713	32522713
6	32549362	32549362
6	32549402	32549403
6	32549497	32549497
6	32551954	32551955
6	32551956	32551957
6	32551961	32551962
6	32551962	32551963
6	32552029	32552029
6	32552156	32552156
6	32557446	32557446
6	90566882	90566882
6	90573267	90573267
6	90573973	90573973
6	90577712	90577728
6	90642332	90642332
6	90660211	90660211
6	90660232	90660232
6	90660239	90660239
6	90660252	90660252
6	90660867	90660867
6	90660896	90660896
6	90660902	90660902
6	90661581	90661581
6	90718472	90718472
6	109814642	109814642
6	109815203	109815203
6	109818699	109818699
6	109820405	109820405
6	109827530	109827530
6	109850199	109850201
6	109850252	109850252
6	109906330	109906332
6	109906406	109906406
6	109993173	109993173
6	127608175	127608175
6	131908938	131908938
6	131911508	131911508
6	131912472	131912472
6	131912640	131912640
6	131914256	131914268
6	131921249	131921249
6	131923494	131923495
6	131925356	131925356
6	131925359	131925359
6	131926396	131926396
6	131937087	131937087
6	131937129	131937129
6	131948806	131948806
6	161470388	161470388
6	161470644	161470644
6	161470713	161470713
6	161502011	161502011
6	161507647	161507647
6	161510422	161510422
6	161519351	161519353
7	1586653	1586654
7	6730822	6730822
7	6731888	6731888
7	15652133	15652133
7	15666489	15666489
7	15725798	15725800
7	34980439	34980439
7	36552787	36552788
7	36552857	36552857
7	36661342	36661342
7	36698846	36698846
7	44080613	44080613
7	44080619	44080620
7	44080769	44080769
7	47333397	47333397
7	47344561	47344561
7	47408046	47408046
7	47408710	47408710
7	47440029	47440029
7	47440386	47440386
7	50663154	50663154
7	50673033	50673033
7	50680488	50680488
7	50680552	50680552
7	64168226	64168226
7	100612955	100612956
7	100634488	100634488
7	100634705	100634705
7	100635040	100635040
7	100635483	100635483
7	100635585	100635585
7	100635586	100635586
7	100637073	100637073
7	100637074	100637074
7	100637141	100637141
7	100637521	100637521
7	100639210	100639211
7	100639217	100639217
7	100639291	100639291
7	100639913	100639913
7	100641744	100641744
7	100641745	100641745
7	100641798	100641798
7	100641913	100641913
7	100642025	100642026
7	100642229	100642229
7	100643060	100643060
7	100643080	100643080
7	100643088	100643088
7	100643116	100643116
7	100643155	100643155
7	100643689	100643689
7	100644027	100644027
7	100646022	100646022
7	100646199	100646199
7	100646595	100646595
7	100646938	100646938
7	100647276	100647276
7	100647332	100647333
7	100647338	100647338
7	100647339	100647339
7	100647790	100647790
7	100647835	100647835
7	100647880	100647880
7	100647960	100647960
7	100648336	100648336
7	100648354	100648354
7	100656338	100656345
7	100661916	100661916
7	117375356	117375356
7	117420559	117420559
7	117431492	117431492
7	117432081	117432081
7	117432213	117432213
7	117513445	117513445
7	122338268	122338268
7	122338358	122338358
7	122342073	122342073
7	122342439	122342439
7	143400212	143400212
7	143417083	143417083
7	143421584	143421584
7	151841786	151841787
7	151841851	151841852
7	151843775	151843776
7	151845282	151845283
7	151845516	151845516
7	151845739	151845739
7	151845844	151845844
7	151849846	151849846
7	151851131	151851132
7	151855981	151855982
7	151855984	151855985
7	151859199	151859200
7	151859200	151859200
7	151859301	151859311
7	151859396	151859396
7	151859457	151859457
7	151859912	151859912
7	151860091	151860091
7	151860481	151860481
7	151860728	151860728
7	151871273	151871273
7	151873388	151873390
7	151874090	151874090
7	151878506	151878506
7	151878893	151878894
7	151878971	151878971
7	151879568	151879568
7	151880094	151880094
7	151882645	151882646
7	151891154	151891154
7	151891576	151891576
7	151896496	151896496
7	151904386	151904386
7	151917645	151917646
7	151917648	151917671
7	151917808	151917808
7	151919733	151919733
7	151921673	151921673
7	151927054	151927054
7	151932949	151932949
7	151932951	151932952
7	151932961	151932961
7	151945140	151945140
7	151945354	151945354
7	151945451	151945451
7	151945474	151945474
7	151945601	151945601
7	151945622	151945622
7	151945659	151945660
7	151948034	151948034
7	151960110	151960110
7	151960149	151960149
7	151960160	151960160
7	151962208	151962208
7	151970835	151970835
7	151970859	151970859
7	151970877	151970877
7	151970951	151970951
7	152012230	152012230
7	152012381	152012381
7	152012412	152012412
7	152012425	152012425
7	152027750	152027750
7	152027786	152027786
8	2813173	2813173
8	2815319	2815319
8	2818711	2818711
8	2820779	2820779
8	2823394	2823394
8	2830770	2830770
8	2832073	2832073
8	2857623	2857623
8	2910130	2910130
8	2967831	2967831
8	2975975	2975975
8	3000129	3000129
8	3015484	3015484
8	3045463	3045463
8	3046501	3046501
8	3057296	3057296
8	3057330	3057330
8	3076793	3076793
8	3081256	3081256
8	3165943	3165943
8	3200906	3200906
8	3216673	3216673
8	3216706	3216706
8	3224613	3224613
8	3245053	3245053
8	3245175	3245175
8	3263700	3263700
8	3265702	3265702
8	3265726	3265726
8	3266956	3266956
8	3855433	3855433
8	3855451	3855451
8	3889446	3889446
8	4494943	4494943
8	10465798	10465798
8	10466004	10466024
8	10466220	10466220
8	10466300	10466300
8	10467579	10467581
8	10467629	10467630
8	10469694	10469696
8	12040786	12040786
8	12041077	12041077
8	12044010	12044010
8	12044059	12044059
8	12044262	12044262
8	21955752	21955752
8	21957342	21957342
8	26906434	26906438
8	30694361	30694361
8	30694937	30694937
8	30695203	30695203
8	30695338	30695338
8	30695443	30695443
8	30695447	30695447
8	30695512	30695512
8	30700081	30700081
8	30700783	30700783
8	30701516	30701516
8	30701687	30701691
8	30702239	30702239
8	30704902	30704902
8	30705357	30705357
8	30705392	30705392
8	30705420	30705420
8	30705430	30705430
8	30705650	30705650
8	30705950	30705950
8	41517976	41517976
8	41518006	41518006
8	42711536	42711536
8	53543057	53543057
8	53548623	53548623
8	53558327	53558327
8	53569190	53569190
8	53569852	53569852
8	53570383	53570383
8	53586778	53586778
8	53596281	53596281
8	68939478	68939478
8	68965476	68965476
8	68982088	68982088
8	69000006	69000006
8	69002851	69002851
8	69011939	69011939
8	69012077	69012077
8	69017562	69017562
8	69020348	69020348
8	69028146	69028146
8	69031699	69031699
8	69033181	69033181
8	69033276	69033276
8	69129855	69129855
8	77616522	77616522
8	77616630	77616630
8	77616868	77616868
8	77617392	77617392
8	77617546	77617547
8	77617914	77617914
8	77618443	77618443
8	77618671	77618671
8	77620129	77620129
8	77620135	77620135
8	77745629	77745629
8	77761274	77761274
8	77761899	77761899
8	77764150	77764150
8	77764171	77764174
8	77764795	77764795
8	77764960	77764960
8	77765416	77765416
8	77765466	77765466
8	77765961	77765961
8	77766283	77766283
8	77767078	77767078
8	77767190	77767190
8	77767690	77767690
8	77767858	77767858
8	77768353	77768353
8	77768387	77768387
8	77775820	77775820
8	77776717	77776717
8	85799846	85799846
8	85833143	85833143
8	88885211	88885211
8	88885215	88885215
8	88885220	88885220
8	88885242	88885242
8	88885440	88885440
8	88885659	88885659
8	88886087	88886087
8	92972572	92972572
8	92982889	92982889
8	93029469	93029469
8	93088269	93088269
8	94746354	94746354
8	94747082	94747082
8	94748065	94748065
8	95172379	95172379
8	95182679	95182679
8	101271360	101271360
8	101271468	101271468
8	101272152	101272152
8	101273937	101273937
8	101276095	101276095
8	101300149	101300149
8	103572819	103572819
8	103572897	103572898
8	103573011	103573037
8	103821468	103821472
8	125487355	125487356
8	125498596	125498596
8	143545758	143545758
8	143546131	143546131
8	143560728	143560728
8	143561149	143561149
8	143562899	143562901
8	143562904	143562904
8	143569787	143569787
8	143602279	143602279
8	143618431	143618431
8	144940290	144940290
8	144940331	144940331
8	144940540	144940540
8	144940615	144940615
8	144940666	144940666
8	144941901	144941901
8	144942413	144942413
8	144945136	144945136
8	144945188	144945188
8	146157623	146157623
9	33385815	33385815
9	33386975	33386975
9	33387007	33387007
9	33387011	33387011
9	33387044	33387044
9	33395131	33395132
9	33395134	33395135
9	39887042	39887042
9	39890233	39890233
9	39890524	39890524
9	40773232	40773232
9	40773302	40773302
9	40773310	40773310
9	40773494	40773494
9	40774338	40774338
9	40774719	40774719
9	40774730	40774730
9	40774928	40774928
9	41962410	41962410
9	41962541	41962541
9	42368614	42368614
9	42410305	42410306
9	42883276	42883276
9	67289275	67289275
9	69002304	69002304
9	97062379	97062379
9	97063282	97063282
9	104171093	104171103
9	116060076	116060076
9	141107536	141107537
9	141109849	141109849
10	8100382	8100382
10	8100440	8100440
10	8106058	8106058
10	8111433	8111434
10	8111471	8111472
10	8111494	8111495
10	8111496	8111497
10	8111498	8111499
10	8111501	8111502
10	8111503	8111503
10	8111503	8111504
10	8111506	8111507
10	8111507	8111508
10	8111513	8111514
10	8111543	8111544
10	8111558	8111559
10	8115697	8115702
10	8115701	8115701
10	8115701	8115704
10	8115705	8115706
10	8115717	8115718
10	8115719	8115720
10	8115725	8115728
10	8115733	8115734
10	8115737	8115749
10	8115746	8115746
10	8115810	8115829
10	8115832	8115833
10	8115843	8115844
10	8115851	8115852
10	8115852	8115853
10	8115853	8115854
10	8115872	8115872
10	8115873	8115874
10	8115874	8115874
10	8115874	8115875
10	8115876	8115877
10	8115877	8115877
10	8115878	8115879
10	8115907	8115914
10	8115922	8115923
10	8115926	8115927
10	8115928	8115929
10	8115930	8115931
10	8115941	8115942
10	8115942	8115943
10	8115948	8115960
10	8115952	8115953
10	8115955	8115956
10	8115965	8115966
10	8115973	8115976
10	8115978	8115979
10	8115982	8115983
10	8115985	8115986
10	51827768	51827768
10	51827934	51827934
10	51853633	51853633
10	51887518	51887518
10	55581735	55581735
10	55582115	55582115
10	55582296	55582296
10	55582871	55582871
10	55587197	55587197
10	55600150	55600151
10	55626527	55626527
10	55782835	55782835
10	55826517	55826517
10	55826581	55826581
10	55912885	55912885
10	55944938	55944938
10	56077174	56077174
10	89624254	89624254
10	89624271	89624272
10	89624272	89624273
10	89653840	89653840
10	89653842	89653842
10	89653844	89653844
10	89653845	89653845
10	89685293	89685298
10	89685316	89685316
10	89690810	89690811
10	89690810	89690813
10	89692748	89692785
10	89692780	89692780
10	89692794	89692794
10	89692883	89692883
10	89692900	89692900
10	89692905	89692905
10	89692920	89692920
10	89692976	89693013
10	89711873	89711873
10	89711928	89711929
10	89712018	89712018
10	89717727	89717737
10	89717742	89717743
10	89717771	89717771
10	89720707	89720714
10	89720799	89720802
10	89720826	89720827
10	116593004	116593004
10	116595973	116595973
10	116602860	116602860
11	1086332	1086332
11	1090919	1090919
11	1090928	1090928
11	1092240	1092240
11	1092321	1092321
11	1092598	1092599
11	1092619	1092620
11	1092800	1092800
11	1092910	1092910
11	1092971	1092971
11	1093066	1093066
11	1093069	1093069
11	1093094	1093094
11	1093245	1093245
11	1093286	1093286
11	1093393	1093393
11	1093430	1093430
11	1093600	1093600
11	1093757	1093757
11	1096456	1096456
11	1097877	1097877
11	1101059	1101059
11	1101090	1101090
11	1101591	1101591
11	1101932	1101932
11	1101943	1101943
11	1103818	1103818
11	1155537	1155537
11	1251029	1251053
11	1251759	1251759
11	1251806	1251806
11	1254322	1254322
11	1254384	1254384
11	1256618	1256618
11	1257711	1257711
11	1261520	1261520
11	1263459	1263464
11	1264014	1264014
11	1264225	1264225
11	1264973	1264973
11	1265475	1265475
11	1265872	1265872
11	1266156	1266156
11	1266400	1266400
11	1266479	1266479
11	1266537	1266537
11	1266561	1266561
11	1266662	1266662
11	1266710	1266710
11	1266823	1266823
11	1267311	1267311
11	1268064	1268064
11	1268164	1268164
11	1268294	1268294
11	1268478	1268478
11	1268543	1268543
11	1268553	1268553
11	1268579	1268579
11	1269276	1269276
11	1269544	1269544
11	1269750	1269750
11	1269972	1269972
11	1270178	1270178
11	1270767	1270767
11	1271076	1271076
11	1271132	1271132
11	1272209	1272209
11	1272374	1272374
11	1272402	1272402
11	1651094	1651094
11	1651157	1651157
11	1651178	1651178
11	1651191	1651199
11	1651534	1651534
11	3380000	3380001
11	6232761	6232761
11	6232828	6232828
11	6232928	6232928
11	6232932	6232932
11	6235673	6235673
11	6239359	6239359
11	6643297	6643297
11	6644754	6644754
11	6645151	6645151
11	6645350	6645350
11	6646655	6646655
11	6653279	6653279
11	6661191	6661191
11	6662745	6662746
11	6816047	6816047
11	6816119	6816119
11	6816144	6816144
11	6816236	6816236
11	7110465	7110465
11	7817592	7817592
11	7818383	7818384
11	9494303	9494303
11	9516249	9516249
11	17573591	17573591
11	17667125	17667125
11	55703086	55703086
11	55703108	55703108
11	55703121	55703121
11	55703345	55703345
11	55703435	55703435
11	55703513	55703513
11	55703532	55703532
11	55703812	55703812
11	56043116	56043116
11	56043133	56043133
11	56043581	56043581
11	56043743	56043743
11	56043960	56043960
11	62609178	62609178
11	62609220	62609220
11	62609264	62609264
11	65266621	65266621
11	65266724	65266726
11	65268662	65268662
11	65268913	65268914
11	65269607	65269632
11	65270001	65270004
11	65271072	65271074
11	65271704	65271705
11	65272844	65272844
11	65273176	65273176
11	65273405	65273407
11	65365763	65365763
11	65374961	65374961
11	70256029	70256029
11	71706538	71706538
11	74500681	74500681
11	74546847	74546847
11	74547205	74547207
11	74547209	74547213
11	74995294	74995294
11	92086557	92086557
11	92087136	92087136
11	92087511	92087511
11	92087880	92087880
11	92088560	92088560
11	92507249	92507249
11	92507304	92507304
11	92531007	92531007
11	92531298	92531298
11	92531478	92531478
11	92531848	92531851
11	92531859	92531859
11	92532859	92532859
11	92533189	92533189
11	92533525	92533525
11	92533820	92533820
11	92533961	92533961
11	92534068	92534068
11	92534181	92534181
11	92534655	92534655
11	92538383	92538383
11	92543074	92543074
11	92568091	92568091
11	92577403	92577403
11	92577795	92577795
11	92592359	92592359
11	92592379	92592379
11	92592421	92592421
11	92616055	92616055
11	92623767	92623767
11	93454832	93454833
11	93454832	93454835
11	126133861	126133861
11	126133864	126133864
11	126134994	126134994
11	126136424	126136424
11	126136666	126136666
11	126136689	126136689
11	126136761	126136761
11	126137590	126137590
11	126137924	126137924
12	2062323	2062324
12	2113505	2113505
12	5020629	5020629
12	5021107	5021107
12	5021221	5021221
12	5021319	5021319
12	5021358	5021358
12	5021590	5021590
12	5021915	5021915
12	5153647	5153647
12	5153951	5153951
12	5154181	5154181
12	5154220	5154220
12	5154349	5154349
12	5154568	5154568
12	5155008	5155008
12	5155077	5155077
12	6777070	6777072
12	6788134	6788134
12	7043656	7043656
12	7045008	7045008
12	7045035	7045035
12	7045461	7045461
12	7045891	7045892
12	7045892	7045894
12	7045892	7045903
12	7045892	7045906
12	7045892	7045912
12	7045918	7045918
12	7046168	7046168
12	7047646	7047646
12	7048007	7048007
12	9750720	9750721
12	11506225	11506225
12	11506464	11506464
12	11506486	11506486
12	11506582	11506582
12	11506654	11506654
12	12870853	12870853
12	12870900	12870901
12	12870935	12870936
12	12871006	12871007
12	12871146	12871147
12	12871175	12871175
12	18837138	18837138
12	18837202	18837202
12	18852835	18852835
12	18852863	18852863
12	18854541	18854552
12	18854541	18854555
12	18854640	18854640
12	18876408	18876408
12	25362744	25362749
12	25398284	25398284
12	25398285	25398285
12	50724375	50724375
12	50744938	50744938
12	50745677	50745677
12	50745684	50745684
12	50745739	50745739
12	50745822	50745822
12	50746243	50746243
12	50747102	50747102
12	50747334	50747335
12	50747708	50747708
12	50748233	50748233
12	50749200	50749200
12	50754707	50754707
12	50757068	50757068
12	51736375	51736375
12	51736377	51736377
12	51740413	51740414
12	51740415	51740416
12	53453704	53453704
12	53457540	53457540
12	53876961	53876963
12	53876974	53876974
12	76424354	76424354
12	76424820	76424820
12	76424938	76424940
12	76424952	76424952
12	76425062	76425062
12	108589649	108589649
12	108589656	108589656
12	108603963	108603963
12	108604055	108604055
12	108618544	108618544
12	108620839	108620839
12	108620851	108620851
12	108626636	108626636
12	108634315	108634315
12	108642028	108642028
12	109017607	109017607
12	109017614	109017614
12	109017662	109017662
12	109017672	109017674
12	109017677	109017678
12	115109800	115109800
12	115114129	115114129
12	115115438	115115439
12	115115457	115115458
12	115117430	115117431
12	115118687	115118688
12	115118704	115118706
12	115118711	115118711
12	115118782	115118782
12	115118819	115118820
12	115118832	115118832
12	115118894	115118895
12	115120616	115120616
12	115120669	115120669
12	115120672	115120672
12	115120697	115120698
12	115120844	115120866
12	120995476	120995476
12	121001615	121001615
12	121002888	121002888
12	121013640	121013640
12	121426669	121426669
12	121426687	121426687
12	121431482	121431482
12	121432116	121432117
12	121434630	121434631
12	122359379	122359381
12	122359397	122359398
12	122361793	122361793
12	122361879	122361880
12	122396206	122396206
12	122404947	122404947
12	122413473	122413473
12	122413496	122413496
12	122413586	122413586
12	122437780	122437780
12	122441598	122441598
12	124816874	124816874
12	124824721	124824722
12	124824739	124824740
12	124824901	124824901
12	124882708	124882709
12	124887058	124887059
12	124904522	124904522
12	124979693	124979693
12	125271972	125271972
12	125296490	125296490
12	133733005	133733005
12	133733175	133733175
13	19999954	19999955
13	20006620	20006620
13	20041461	20041461
13	20048120	20048120
13	25399899	25399899
13	25428135	25428135
13	48881488	48881489
13	48916747	48916747
13	48934189	48934189
13	48936989	48936989
13	48941691	48941691
13	48953760	48953760
13	48954373	48954373
13	48955532	48955532
13	48955534	48955534
13	48955538	48955538
13	49030343	49030343
13	49033889	49033890
13	49039423	49039430
13	49039501	49039501
13	49050906	49050906
13	49050933	49050933
13	58208939	58208939
13	58240645	58240645
13	58298937	58298937
13	58299427	58299428
13	98828564	98828564
13	98828595	98828595
13	98828674	98828674
14	19377728	19377728
14	19377859	19377859
14	19377881	19377881
14	19378395	19378395
14	19487914	19487914
14	21789487	21789487
14	21796707	21796707
14	23371049	23371049
14	23371255	23371256
14	23371265	23371266
14	23374208	23374208
14	23374450	23374450
14	23374660	23374660
14	38060747	38060748
14	38060755	38060762
14	38061193	38061193
14	38061222	38061222
14	38061228	38061232
14	38061240	38061240
14	38061250	38061250
14	38061312	38061312
14	38061313	38061313
14	38061347	38061347
14	38061410	38061410
14	38061461	38061461
14	38061463	38061463
14	38061531	38061531
14	38061884	38061890
14	69256738	69256739
14	69256739	69256741
14	69256761	69256761
14	69256807	69256807
14	69256881	69256881
14	69257027	69257039
14	69257104	69257105
14	69257141	69257142
14	69259611	69259629
14	69259623	69259623
14	96730334	96730334
14	96730708	96730708
14	105238714	105238714
14	105246445	105246445
14	105246551	105246551
14	106691797	106691799
14	106780709	106780710
15	20739675	20739675
15	20739938	20739943
15	20740459	20740461
15	22706692	22706692
15	22706758	22706758
15	22709084	22709084
15	22709627	22709627
15	22709918	22709918
15	24411003	24411004
15	43700247	43700247
15	43701236	43701236
15	43708431	43708431
15	43724569	43724569
15	43767790	43767790
15	59323149	59323149
15	59350720	59350734
15	59368377	59368380
15	100173343	100173347
15	100247006	100247006
15	100252710	100252712
15	100252710	100252715
15	102516539	102516539
16	3452196	3452196
16	3452203	3452203
16	3458760	3458760
16	19310039	19310039
16	29912801	29912802
16	29912802	29912803
16	29913171	29913171
16	53674978	53674978
16	53686660	53686660
16	53691373	53691373
16	53706790	53706792
16	53706824	53706824
16	64984859	64984859
16	65016037	65016037
16	65016151	65016151
16	65025783	65025783
16	65032473	65032473
16	65032486	65032486
16	66946466	66946466
16	66947420	66947420
16	67063313	67063313
16	67063371	67063371
16	67070543	67070543
16	67070564	67070564
16	67070577	67070578
16	67070595	67070595
16	67070600	67070601
16	67070624	67070624
16	67070634	67070634
16	67070640	67070643
16	67100598	67100598
16	67100607	67100607
16	67100608	67100608
16	67100613	67100613
16	67100664	67100664
16	67100696	67100696
16	67100703	67100703
16	67229793	67229794
16	67229794	67229796
16	67644736	67644736
16	67644796	67644796
16	67644796	67644799
16	67644817	67644830
16	67644837	67644837
16	67645098	67645098
16	67645308	67645308
16	67645412	67645412
16	67645418	67645418
16	67645507	67645507
16	67645518	67645518
16	67645853	67645854
16	67645919	67645919
16	67645922	67645922
16	67645923	67645923
16	67645934	67645934
16	67654645	67654645
16	67655431	67655431
16	67662443	67662443
16	67670628	67670628
16	67876824	67876826
16	68772203	68772204
16	68772218	68772218
16	68772254	68772254
16	68772257	68772257
16	68835596	68835596
16	68835780	68835781
16	68842414	68842414
16	68842417	68842418
16	68842427	68842444
16	68842438	68842439
16	68844098	68844098
16	68844099	68844099
16	68844104	68844105
16	68844139	68844139
16	68844191	68844191
16	68844223	68844232
16	68844245	68844245
16	68845601	68845615
16	68845625	68845625
16	68845685	68845686
16	68845762	68845762
16	68846043	68846043
16	68846121	68846127
16	68846166	68846166
16	68847278	68847279
16	68847304	68847304
16	68849593	68849594
16	68849604	68849604
16	68849608	68849608
16	68849628	68849628
16	68849648	68849648
16	68855935	68855936
16	68855966	68855967
16	68855977	68856002
16	68856011	68856011
16	68856067	68856068
16	68856122	68856122
16	68856129	68856129
16	68857311	68857312
16	68857331	68857337
16	68857367	68857367
16	68857397	68857398
16	68857485	68857485
16	68862076	68862076
16	68862107	68862107
16	68862178	68862179
16	68862179	68862180
16	68862203	68862204
16	68863622	68863635
16	68867233	68867234
16	68867353	68867353
16	71512160	71512160
16	83378511	83378511
16	83704566	83704566
16	88494721	88494721
16	88497199	88497199
16	88497563	88497563
16	88501554	88501556
16	88501728	88501728
16	88504203	88504203
16	88504833	88504833
16	88505324	88505324
16	88505654	88505654
16	89245960	89245960
16	89254603	89254603
16	89254650	89254650
16	89256775	89256775
16	90167886	90167886
16	90167953	90167953
16	90168694	90168695
16	90168695	90168700
16	90168699	90168700
16	90172888	90172888
16	90172970	90172970
17	1675177	1675177
17	6927857	6927858
17	6928019	6928020
17	6929853	6929853
17	7574002	7574002
17	7574003	7574003
17	7574030	7574030
17	7576851	7576851
17	7576852	7576852
17	7576855	7576855
17	7576863	7576863
17	7576885	7576895
17	7576924	7576925
17	7577018	7577018
17	7577022	7577022
17	7577031	7577031
17	7577051	7577079
17	7577061	7577064
17	7577067	7577085
17	7577073	7577073
17	7577081	7577081
17	7577082	7577082
17	7577094	7577094
17	7577096	7577096
17	7577099	7577099
17	7577100	7577100
17	7577102	7577102
17	7577105	7577105
17	7577106	7577106
17	7577107	7577116
17	7577112	7577112
17	7577118	7577118
17	7577120	7577120
17	7577121	7577121
17	7577124	7577124
17	7577127	7577128
17	7577129	7577129
17	7577130	7577130
17	7577141	7577141
17	7577144	7577144
17	7577498	7577498
17	7577509	7577509
17	7577514	7577515
17	7577515	7577517
17	7577517	7577517
17	7577518	7577518
17	7577526	7577526
17	7577531	7577531
17	7577538	7577538
17	7577539	7577539
17	7577541	7577541
17	7577543	7577543
17	7577547	7577547
17	7577548	7577548
17	7577558	7577558
17	7577559	7577559
17	7577566	7577567
17	7577568	7577568
17	7577580	7577580
17	7577586	7577586
17	7577609	7577609
17	7577610	7577610
17	7578142	7578142
17	7578175	7578175
17	7578175	7578176
17	7578188	7578188
17	7578190	7578190
17	7578191	7578191
17	7578203	7578203
17	7578204	7578204
17	7578205	7578205
17	7578212	7578212
17	7578218	7578218
17	7578222	7578223
17	7578235	7578235
17	7578236	7578236
17	7578239	7578239
17	7578246	7578247
17	7578253	7578253
17	7578257	7578257
17	7578259	7578259
17	7578263	7578263
17	7578265	7578265
17	7578268	7578268
17	7578271	7578271
17	7578272	7578272
17	7578275	7578275
17	7578278	7578279
17	7578290	7578290
17	7578370	7578370
17	7578371	7578371
17	7578382	7578382
17	7578394	7578394
17	7578395	7578395
17	7578402	7578402
17	7578403	7578403
17	7578406	7578406
17	7578409	7578437
17	7578413	7578413
17	7578416	7578419
17	7578427	7578427
17	7578429	7578429
17	7578431	7578431
17	7578442	7578442
17	7578443	7578445
17	7578446	7578447
17	7578449	7578449
17	7578458	7578458
17	7578458	7578464
17	7578460	7578460
17	7578460	7578461
17	7578461	7578461
17	7578464	7578476
17	7578465	7578465
17	7578467	7578467
17	7578478	7578478
17	7578491	7578491
17	7578503	7578518
17	7578505	7578516
17	7578508	7578508
17	7578509	7578509
17	7578524	7578524
17	7578525	7578525
17	7578526	7578526
17	7578532	7578532
17	7578534	7578534
17	7578535	7578535
17	7578536	7578536
17	7578538	7578538
17	7578542	7578542
17	7578551	7578551
17	7578553	7578553
17	7578554	7578554
17	7578555	7578555
17	7578556	7578556
17	7579311	7579311
17	7579312	7579312
17	7579315	7579315
17	7579321	7579322
17	7579343	7579351
17	7579346	7579346
17	7579349	7579349
17	7579355	7579355
17	7579356	7579358
17	7579359	7579359
17	7579359	7579360
17	7579360	7579361
17	7579360	7579364
17	7579364	7579364
17	7579364	7579365
17	7579367	7579367
17	7579368	7579368
17	7579414	7579414
17	7579432	7579433
17	7579458	7579459
17	7579521	7579521
17	7579591	7579591
17	11881385	11881385
17	11958309	11958310
17	11984671	11984672
17	11984789	11984790
17	11984840	11984856
17	11998898	11998898
17	11998971	11998972
17	11998993	11998993
17	12011108	12011109
17	12011144	12011144
17	12011150	12011150
17	12011212	12011212
17	12011227	12011228
17	12016616	12016616
17	12016634	12016634
17	12016647	12016648
17	12016657	12016663
17	12028614	12028614
17	12028665	12028665
17	12028690	12028690
17	12032459	12032459
17	12032481	12032481
17	12032510	12032510
17	12032516	12032517
17	12032570	12032571
17	12043202	12043202
17	12044463	12044463
17	12044530	12044530
17	12044531	12044531
17	15935743	15935743
17	15938204	15938204
17	15942922	15942922
17	15943783	15943783
17	15943800	15943800
17	15965036	15965036
17	15965075	15965075
17	15965432	15965432
17	15973477	15973477
17	15973571	15973593
17	15973687	15973687
17	15975531	15975531
17	15978874	15978874
17	15978996	15978996
17	15983302	15983302
17	15984026	15984027
17	15989636	15989636
17	15989751	15989751
17	15995175	15995175
17	15995308	15995326
17	16012112	16012112
17	16012203	16012203
17	16012215	16012227
17	16012217	16012217
17	16024444	16024444
17	16029431	16029435
17	16029439	16029439
17	16029456	16029457
17	16049835	16049835
17	16055257	16055258
17	16062146	16062146
17	16068342	16068352
17	16068397	16068397
17	16075115	16075115
17	17696987	17696987
17	17697094	17697096
17	17697094	17697105
17	17697099	17697100
17	17697697	17697697
17	19091349	19091349
17	19091383	19091383
17	19091429	19091429
17	20768749	20768750
17	20768762	20768763
17	20799309	20799309
17	29325839	29325839
17	29325889	29325889
17	29496956	29496958
17	29496963	29496964
17	29508508	29508509
17	29527502	29527503
17	29527590	29527590
17	29546065	29546065
17	29548939	29548939
17	29553598	29553598
17	29556189	29556189
17	29556328	29556328
17	29562657	29562660
17	29562668	29562668
17	29576081	29576081
17	29586058	29586058
17	29588873	29588876
17	29657384	29657384
17	29663859	29663860
17	29667654	29667654
17	29670148	29670154
17	29684294	29684321
17	29685563	29685563
17	34493524	34493524
17	34493597	34493597
17	34497337	34497337
17	36091721	36091721
17	36099431	36099431
17	36339584	36339584
17	36339597	36339597
17	36340138	36340138
17	37868205	37868205
17	37872089	37872089
17	37879658	37879658
17	37880220	37880220
17	37880257	37880257
17	37880261	37880261
17	37881000	37881000
17	37881332	37881332
17	37883561	37883561
17	39240627	39240627
17	39240779	39240779
17	39240781	39240781
17	39240790	39240790
17	39240791	39240791
17	39296361	39296361
17	39296423	39296423
17	39296499	39296499
17	39296555	39296555
17	39305785	39305785
17	39305800	39305800
17	39305800	39305814
17	39411670	39411671
17	39412058	39412058
17	39471753	39471767
17	39471833	39471833
17	55123867	55123868
17	56056604	56056605
17	56056605	56056607
17	56060288	56060288
17	74150372	74150372
17	74154505	74154505
17	74154520	74154520
17	74208563	74208563
17	76795831	76795831
17	76798549	76798554
17	76799549	76799549
17	76799928	76799928
17	76803588	76803588
17	76803593	76803593
17	76831512	76831512
17	79219501	79219503
17	79220110	79220110
17	79225074	79225075
17	79226469	79226469
17	79258654	79258665
18	9195691	9195691
18	9211612	9211612
18	9254875	9254875
18	9255050	9255051
18	9255963	9255964
18	9256071	9256074
18	9256837	9256837
18	9257247	9257247
18	9258309	9258309
18	9258366	9258369
18	14156234	14156234
18	14156653	14156654
18	29691779	29691779
18	64197168	64197168
18	64211462	64211462
18	64221726	64221726
18	64239322	64239322
18	64239349	64239349
18	67684697	67684697
18	67684825	67684825
18	67698148	67698148
18	67721498	67721498
18	67727270	67727270
18	67759382	67759382
18	67809622	67809640
18	67833354	67833354
18	67863738	67863738
19	110808	110808
19	111016	111016
19	4817009	4817009
19	4817288	4817289
19	8974096	8974096
19	8976844	8976844
19	8977652	8977652
19	8982254	8982254
19	8993436	8993436
19	8997511	8997511
19	9000463	9000463
19	9000557	9000557
19	9004897	9004897
19	9005718	9005718
19	9007506	9007506
19	9008211	9008211
19	9013851	9013851
19	9018133	9018133
19	9019327	9019327
19	9038120	9038120
19	9045834	9045834
19	9048936	9048937
19	9048939	9048939
19	9050021	9050021
19	9056288	9056288
19	9056515	9056515
19	9056568	9056568
19	9056732	9056732
19	9057075	9057075
19	9057612	9057612
19	9058093	9058093
19	9058547	9058547
19	9058646	9058646
19	9059268	9059268
19	9059401	9059401
19	9059785	9059785
19	9060763	9060763
19	9061379	9061379
19	9061493	9061493
19	9062300	9062300
19	9062672	9062672
19	9062767	9062767
19	9063011	9063011
19	9063372	9063372
19	9064046	9064046
19	9064816	9064816
19	9065209	9065209
19	9065839	9065839
19	9065990	9065990
19	9066267	9066267
19	9066614	9066614
19	9066848	9066848
19	9067623	9067623
19	9068688	9068688
19	9069296	9069296
19	9069332	9069332
19	9070608	9070608
19	9070657	9070657
19	9070668	9070668
19	9072222	9072222
19	9073430	9073430
19	9073597	9073597
19	9074465	9074465
19	9075373	9075373
19	9076395	9076395
19	9076601	9076601
19	9076968	9076968
19	9084121	9084121
19	9085003	9085003
19	9085304	9085304
19	9085518	9085518
19	9085910	9085910
19	9086173	9086173
19	9086543	9086543
19	9086614	9086614
19	9086981	9086981
19	9087467	9087467
19	9087590	9087590
19	9088087	9088087
19	9088599	9088599
19	9089290	9089290
19	9089493	9089493
19	9090329	9090329
19	9090384	9090384
19	9090622	9090622
19	9090876	9090876
19	9091122	9091122
19	9091401	9091401
19	9091474	9091474
19	9091513	9091513
19	9091544	9091544
19	9492136	9492136
19	9677204	9677204
19	9677328	9677328
19	9677557	9677557
19	18173028	18173028
19	18180447	18180447
19	18186597	18186597
19	18186625	18186625
19	18188415	18188415
19	19790274	19790274
19	19790898	19790898
19	19823822	19823822
19	19843741	19843741
19	21909348	21909352
19	21909523	21909523
19	35232115	35232115
19	35232425	35232425
19	35232612	35232612
19	38882594	38882594
19	38882864	38882866
19	40698100	40698100
19	40704438	40704438
19	40711051	40711051
19	40711935	40711935
19	40720993	40720993
19	41173774	41173774
19	41173866	41173868
19	41173896	41173898
19	41175875	41175875
19	41183152	41183152
19	44980904	44980904
19	44981511	44981511
19	44981989	44981989
19	44982147	44982147
19	48305639	48305650
19	48305666	48305666
19	48305670	48305670
19	48305694	48305694
19	48789311	48789311
19	49926531	49926533
19	49926533	49926533
19	50373175	50373175
19	50881600	50881600
19	50881820	50881821
19	50881822	50881823
19	50882307	50882307
19	50885244	50885244
19	51021546	51021546
19	51021653	51021653
19	51021711	51021711
19	51021954	51021954
19	51022088	51022088
19	51022151	51022151
19	51022417	51022417
19	51273962	51273962
19	51274646	51274646
19	51274647	51274647
19	51274851	51274851
19	52090259	52090259
19	52091101	52091101
19	53100744	53100744
19	53571424	53571424
19	53571578	53571578
19	53572793	53572793
19	53573310	53573310
19	53573463	53573463
19	55144208	55144208
19	55148052	55148052
19	55148088	55148088
19	55869880	55869903
19	55870549	55870549
19	55870662	55870662
19	55871057	55871057
19	55871345	55871345
19	55872361	55872361
19	55874336	55874336
19	57931692	57931692
19	58213789	58213789
19	58578672	58578673
19	58578710	58578710
19	58946279	58946279
20	3208935	3208935
20	3209309	3209309
20	3209652	3209652
20	3210899	3210899
20	3211607	3211607
20	3214645	3214645
20	3214874	3214874
20	23065078	23065078
20	23065548	23065548
20	23065739	23065739
20	23065764	23065764
20	23066476	23066476
20	23066789	23066791
20	29623210	29623210
20	29623217	29623217
20	29623218	29623218
20	29623224	29623224
20	29623231	29623231
20	29623251	29623252
20	29624068	29624068
20	29624081	29624081
20	29625924	29625925
20	29625971	29625971
20	29628236	29628236
20	29628251	29628251
20	29628263	29628263
20	29632643	29632643
20	29632662	29632662
20	29633945	29633945
20	32661659	32661659
20	32663708	32663708
20	32664864	32664865
20	34240553	34240553
20	34240663	34240663
20	34240740	34240741
20	34240797	34240817
20	34241075	34241075
20	34241980	34241980
20	34242060	34242060
20	43850896	43850896
20	43851070	43851070
20	43851144	43851144
20	43851148	43851148
20	43851246	43851246
20	43851891	43851891
20	44003687	44003687
20	46252812	46252812
20	46255914	46255914
20	46264187	46264187
20	46264755	46264755
20	46264773	46264773
20	46268762	46268762
20	46271054	46271054
20	46279807	46279809
20	46279815	46279823
20	46279834	46279836
20	46279837	46279839
20	46281213	46281213
20	56087795	56087795
20	56094287	56094287
20	56098927	56098927
20	56099035	56099035
21	10914388	10914388
21	10921971	10921971
21	10941954	10941954
21	10951293	10951293
21	30316846	30316846
21	30331787	30331787
21	33709732	33709732
21	33732208	33732208
21	33744886	33744886
21	33750825	33750825
21	36164864	36164864
21	36171595	36171596
21	36171616	36171616
21	36171623	36171624
21	36171674	36171680
21	36171700	36171715
21	36171704	36171705
21	36206716	36206716
21	36206729	36206736
21	36206753	36206753
21	36206776	36206777
21	36206845	36206861
21	36231751	36231751
21	36231791	36231791
21	36231819	36231819
21	36252853	36252853
21	36252856	36252857
21	36252860	36252860
21	36252880	36252880
21	36252880	36252881
21	36252921	36252935
21	36252946	36252946
21	36252958	36252958
21	36252990	36252990
21	36252994	36252995
21	36259138	36259139
21	36259157	36259157
21	46020575	46020575
21	46020656	46020670
21	46020889	46020889
21	46021138	46021138
21	46021285	46021285
21	46596033	46596033
21	46604943	46604943
22	16449539	16449539
22	16449784	16449784
22	18762636	18762636
22	18769145	18769145
22	18769203	18769203
22	18769677	18769677
22	18775372	18775372
22	18778612	18778612
22	20920813	20920814
22	20920814	20920822
22	20937198	20937198
22	23498327	23498328
22	23498330	23498331
22	23498334	23498335
22	23503156	23503156
22	27070253	27070253
22	31593121	31593121
22	37770887	37770887
22	37770941	37770941
22	37771355	37771355
22	37771398	37771398
22	37964206	37964206
22	37964409	37964429
22	50921149	50921166
X	19378922	19378922
X	19390837	19390837
X	19478185	19478185
X	31152232	31152232
X	31165493	31165493
X	31165506	31165506
X	31200885	31200885
X	31200940	31200940
X	31462683	31462683
X	31496247	31496247
X	31514996	31514996
X	31525555	31525555
X	31792151	31792151
X	31792301	31792301
X	31950337	31950337
X	32305754	32305754
X	32328199	32328199
X	32364092	32364092
X	32366618	32366618
X	32380914	32380914
X	32382795	32382795
X	32429984	32429984
X	32459415	32459415
X	32481659	32481659
X	32482764	32482764
X	32503137	32503137
X	32591673	32591673
X	32613970	32613970
X	32662397	32662397
X	32716093	32716093
X	32717249	32717249
X	32717338	32717338
X	32867884	32867884
X	37026498	37026498
X	37026638	37026638
X	37026644	37026644
X	37026807	37026807
X	37027222	37027222
X	37027408	37027408
X	37027582	37027582
X	37027607	37027607
X	37027942	37027942
X	37028375	37028375
X	37028630	37028630
X	37028635	37028635
X	37029349	37029349
X	38144855	38144855
X	38145181	38145192
X	38145194	38145196
X	38145517	38145517
X	38145532	38145534
X	38145632	38145646
X	38145797	38145798
X	38145826	38145826
X	38146055	38146055
X	38146402	38146402
X	38146589	38146589
X	38156545	38156545
X	38160592	38160592
X	38160625	38160625
X	38182684	38182684
X	47270116	47270116
X	47272048	47272048
X	47272787	47272787
X	47836619	47836619
X	47837015	47837015
X	50339363	50339363
X	50350476	50350476
X	50350572	50350572
X	50350711	50350713
X	50350726	50350727
X	50350728	50350729
X	50350758	50350759
X	50350796	50350796
X	50376535	50376535
X	50377007	50377007
X	50377358	50377358
X	50377366	50377366
X	50377414	50377414
X	50381257	50381257
X	50381258	50381258
X	51238952	51238952
X	51239296	51239309
X	73960046	73960046
X	73960461	73960461
X	73960664	73960664
X	73960911	73960911
X	73961112	73961112
X	73961157	73961157
X	73961191	73961191
X	73961666	73961666
X	73962009	73962009
X	73962610	73962610
X	73962903	73962903
X	73963037	73963037
X	73963226	73963226
X	73963301	73963301
X	73963324	73963324
X	73964065	73964065
X	73964215	73964215
X	75648610	75648610
X	75649280	75649280
X	75649513	75649513
X	75649889	75649890
X	75651058	75651058
X	91090834	91090834
X	91133182	91133182
X	91133194	91133194
X	91134233	91134233
X	91873468	91873468
X	91873568	91873568
X	91873742	91873742
X	99551396	99551396
X	99551448	99551448
X	99551519	99551519
X	99605659	99605659
X	99657715	99657715
X	99661504	99661510
X	99661925	99661925
X	99662058	99662058
X	99662072	99662072
X	99662740	99662740
X	99662746	99662746
X	99662857	99662857
X	99663130	99663130
X	99663201	99663201
X	105937248	105937248
X	105937522	105937522
X	114424076	114424076
X	114424746	114424746
X	114424941	114424941
X	114425006	114425006
X	114425534	114425534
X	114425862	114425862
X	114425884	114425884
X	114425988	114425988
X	114426631	114426631
X	114426666	114426666
X	114426765	114426765
X	118215299	118215299
X	118215410	118215410
X	118220634	118220634
X	118221586	118221586
X	118221786	118221786
X	118222019	118222019
X	118223589	118223589
X	118223625	118223625
X	118230488	118230488
X	118239020	118239020
X	118239057	118239057
X	118284280	118284280
X	118284464	118284464
X	119004955	119004955
X	119005097	119005097
X	119005192	119005192
X	119005193	119005193
X	120008797	120008823
X	120009232	120009234
X	120009253	120009253
X	134986704	134986704
X	134987483	134987483
X	134988302	134988302
X	134988615	134988615
X	134990730	134990730
X	134991072	134991072
X	134991157	134991157
X	134992588	134992588
X	134994548	134994548
X	134994976	134994976
X	134995008	134995008
X	134995026	134995026
X	135960146	135960147
X	135960230	135960230
X	135961212	135961212
X	135961585	135961586
X	147733566	147733566
X	147733596	147733596
X	147743846	147743846
X	147743942	147743942
X	147744200	147744200
X	147891430	147891430
X	147967517	147967526
X	148037136	148037136
X	148037437	148037437
X	148037578	148037578
X	148037760	148037760
X	148037858	148037858
X	148037946	148037946
X	148039966	148039966
X	148044260	148044260
X	148055076	148055076
X	152128305	152128305
