1	61735	12859413	-0.1626
1	12862241	12882985	0.2464
1	12883096	14764638	-0.1346
1	14766630	16142960	-0.4161
1	16147032	16147392	0.3699
1	16148537	16149915	-0.2965
1	16153497	16154239	0.2562
1	16154966	17011450	-0.4255
1	17011510	17394638	-0.0922
1	17394775	20137714	-0.4243
1	20137973	25453139	-0.1625
1	25453154	25464820	0.1437
1	25465850	35911068	-0.163
1	35913812	37374844	-0.444
1	37375277	61922948	-0.1709
1	61925870	62085674	0.1506
1	62086008	64368535	-0.1776
1	64371537	64902455	0.1839
1	64902483	72768916	-0.1756
1	72768936	72816755	-0.9803
1	72817021	81558915	-0.1878
1	81563249	110227317	-0.4396
1	110227396	110250236	0.0074
1	110250572	118787293	-0.4185
1	118791731	118799927	-0.0327
1	118801611	119304424	0.518
1	119306866	148575315	0.0589
1	148575555	149578722	-0.3749
1	149617451	149644969	0.3152
1	149645033	149758041	-0.1884
1	149769972	150396574	0.1163
1	150401522	151517428	1.1659
1	151520731	151606405	0.1167
1	151608723	151630512	1.1969
1	151631692	152531629	0.1677
1	152534954	152590494	0.3684
1	152590565	152759678	0.1369
1	152761923	152768700	-1.0584
1	152773905	154303976	0.1934
1	154304427	155107572	1.324
1	155107640	155647162	1.8872
1	155650661	156008887	1.2939
1	156017402	156724953	0.1402
1	156725001	157873137	0.5325
1	157877377	157914330	1.4417
1	157921880	160525621	0.4268
1	160532852	162305160	1.5835
1	162308705	162946659	0.5235
1	162947193	163296293	1.2291
1	163296688	163510742	1.6615
1	163511425	164285971	1.2763
1	164291688	164981392	1.6987
1	164983593	165694918	0.901
1	165695579	165737467	0.2758
1	165741543	165804423	0.9693
1	165807706	167671442	0.3337
1	167678144	167766919	1.1001
1	167768513	167986109	0.6204
1	167988590	167989846	-0.7316
1	167994119	168495056	0.5
1	168497276	169107230	1.2948
1	169110840	169216937	1.0176
1	169233974	169241766	-1.9651
1	169242401	169724779	0.9798
1	169727175	169727579	-0.3636
1	169728137	170248786	0.8976
1	170253221	170505617	0.3069
1	170510479	170563083	1.503
1	170569483	170633896	0.9333
1	170637901	170652434	1.5966
1	170657052	170955247	0.3474
1	170956513	170959308	0.9231
1	170960198	171388270	1.5967
1	171392603	196714873	0.5193
1	196727850	196749821	-0.5544
1	196749835	196801655	-0.0133
1	196801784	210071062	0.5154
1	210081613	210082065	-1.0853
1	210083984	224710171	0.3696
1	224712907	249224388	-0.124
2	12784	21012822	-0.0665
2	21016246	21205457	0.2015
2	21206052	25079955	-0.1189
2	25083310	25482883	0.134
2	25482970	25594363	-0.1227
2	25594541	25620900	0.2692
2	25622511	30614883	-0.0573
2	30615651	30627424	-0.7945
2	30627654	34520473	-0.0572
2	34523978	34525580	-2.0022
2	34525967	34701394	0.0295
2	34701583	34701735	-3.2224
2	34708632	34722590	-0.9404
2	34723027	34737057	-2.4377
2	34737163	39800033	-0.0864
2	39809123	40015309	0.1904
2	40020734	45780474	-0.0434
2	45785120	45785202	0.6418
2	45786301	47323294	-0.0938
2	47338931	47591647	0.1936
2	47592518	48761554	-0.12
2	48762113	48767258	-0.9729
2	48769377	62396271	-0.0426
2	62399214	62455945	0.2166
2	62462213	65718090	-0.1051
2	65718174	65719941	0.7099
2	65723956	87476658	-0.0725
2	87477193	87478469	-1.4421
2	87479662	98118212	-0.0813
2	98140747	98161710	-1.0073
2	98162189	130761737	-0.1092
2	130761944	130823235	-0.6745
2	130825458	132093032	-0.0804
2	132094747	132312705	-0.6152
2	132313335	142126389	-0.1106
2	142126406	142191301	0.4381
2	142195756	142533767	0.7752
2	142533965	142720381	0.3902
2	142723425	180418211	-0.1059
2	180418333	180421497	-0.7021
2	180421512	230960343	-0.1097
2	230960644	231270494	0.1747
2	231271672	233218748	-0.1247
2	233227499	233239445	0.3089
2	233239644	233239923	-0.217
2	233241598	233242343	0.6327
2	233242357	242014161	-0.0907
2	242016889	242217627	0.1954
2	242218175	242265273	-0.0866
2	242266963	243089456	0.1887
3	60345	224602	-0.1855
3	230022	232800	-1.3047
3	234877	4664922	-0.1438
3	4665123	5012820	0.1875
3	5013876	6646543	-0.1108
3	6651128	6653332	-0.9095
3	6655078	8166301	-0.1221
3	8166787	8297505	0.1875
3	8297542	26613201	-0.1198
3	26614974	26614982	-1.4975
3	26614984	60263721	-0.1185
3	60263928	60264266	-1.5058
3	60264382	68746259	-0.1177
3	68746284	68749052	0.7169
3	68749065	84694372	-0.1212
3	84698683	84707065	0.2359
3	84711725	94092460	-0.1313
3	94092681	94218465	0.1238
3	94218641	94227094	-0.4501
3	94229960	101509371	0.0463
3	101510525	101997742	0.4649
3	101998932	129763698	0.1944
3	129766586	129836612	0.4424
3	129842866	135591104	0.2394
3	135597760	137600345	0.5646
3	137602450	162532950	0.2405
3	162534730	162536583	-2.1828
3	162536823	164124073	0.2142
3	164127306	165040863	0.4799
3	165041548	165081939	-0.1045
3	165085429	168730180	0.5327
3	168733402	168738628	-1.3567
3	168739827	173263297	0.5754
3	173264141	173272573	-0.2472
3	173273402	174859754	0.54
3	174860529	176737626	0.7741
3	176738798	179815490	0.5261
3	179818655	181423220	0.8117
3	181426931	192790018	0.18
3	192790266	192793187	-1.8941
3	192793418	192874747	0.1937
3	192877902	192882903	0.888
3	192886435	196662154	0.1951
3	196662275	196676487	0.7805
3	196676759	197896118	0.2052
4	12281	4110230	-0.0896
4	4113921	4152760	-0.9514
4	4160063	9451923	-0.0895
4	9456977	9497915	-0.6763
4	9501394	27841478	-0.1242
4	27851190	28030733	0.1666
4	28035408	34678418	-0.1262
4	34685050	34687171	0.8802
4	34699894	34779054	-0.1162
4	34786500	34797168	-0.6987
4	34797325	34808343	-0.2491
4	34814190	34829872	-0.8977
4	34829913	39571501	-0.1327
4	39573390	45386432	0.131
4	45386580	69244434	-0.1229
4	69255070	69582483	0.2672
4	69591612	70131346	-0.1534
4	70132122	70239989	0.1789
4	70242029	82897758	-0.1175
4	82898705	82978045	0.1805
4	82978191	103005667	-0.1205
4	103006897	105109677	0.1411
4	105110130	115173700	-0.1136
4	115175323	115182175	-1.1022
4	115184229	122137121	-0.1236
4	122137414	122429378	0.1244
4	122436261	139403484	-0.1235
4	139403863	139712056	0.179
4	139712769	172987928	-0.1192
4	172989148	172989533	0.5238
4	172995979	173422522	-0.1512
4	173424947	173428643	0.6809
4	173441132	188924979	-0.1303
4	188928442	188936949	-1.4582
4	188938234	191027923	-0.1255
5	15532	685748	0.5456
5	698371	896726	0.2767
5	896815	12815780	0.6617
5	12815865	12838533	1.3545
5	12849201	15331119	0.693
5	15331131	15332706	-0.0016
5	15333012	27524452	0.577
5	27525390	27525514	-0.9267
5	27525907	44009769	0.3713
5	44019715	44022714	1.2775
5	44022930	46383335	0.386
5	46386392	140218722	0.1381
5	140223836	140243756	-0.3709
5	140252163	151514171	0.1431
5	151515386	151515891	-0.4774
5	151516788	177151104	0.1387
5	177157399	177198449	-0.465
5	177227551	177232605	2.4638
5	177254965	180790320	0.1563
6	149661	252772	0.1614
6	253272	375277	-0.2939
6	375759	23057637	0.1299
6	23060991	23064254	-1.1831
6	23067645	25628891	0.1175
6	25629658	25630091	1.1596
6	25633131	26728640	0.0915
6	26728859	26773509	-0.3748
6	26783667	29737677	0.1332
6	29737846	29738044	1.4251
6	29739000	29837072	0.1966
6	29837187	29850196	-0.7489
6	29850274	32431105	0.1717
6	32431147	32561295	0.921
6	32570046	32778281	0.1516
6	32779388	32782018	-1.3074
6	32782149	53931151	0.1457
6	53931230	53931855	-1.6836
6	53935348	55319485	0.1439
6	55319676	55320311	-1.4208
6	55320678	57215494	0.1485
6	57226182	81284638	-0.1082
6	81284716	81289534	-1.1907
6	81294341	98613744	-0.1181
6	98613835	98625961	-1.019
6	98628546	99156650	-0.1413
6	99158998	99165070	-1.4808
6	99167204	103734829	-0.1252
6	103737976	103762061	-1.1147
6	103765470	128713316	-0.0422
6	128715657	129188107	0.2488
6	129193870	130593412	-0.0237
6	130593667	131137148	0.2253
6	131141043	132706261	-0.0169
6	132709357	132712925	-1.5312
6	132713043	133677291	0.0317
6	133677340	133680436	-1.5078
6	133680637	149981669	0.0377
6	149983078	149983200	-1.0953
6	149983266	150198491	-0.0396
6	150201720	150233703	0.2854
6	150239330	171051005	-0.0475
7	43355	6901720	0.2959
7	6914463	6920280	-0.636
7	6928701	38319339	0.2876
7	38319378	38370792	0.5377
7	38371334	38387443	0.2937
7	38391365	38396476	-1.0848
7	38398047	97385970	0.2954
7	97395460	97402475	-0.1732
7	97404240	109433798	0.3104
7	109437092	109441244	-0.3419
7	109441629	109453910	-1.7106
7	109453982	126044923	0.3101
7	126044974	126052766	-0.6656
7	126054398	142474939	0.3143
7	142476719	142486045	0.9962
7	142486115	143511057	0.3195
7	143511415	143524324	-0.2942
7	143530969	143896252	0.3412
7	143904279	144066947	-0.4152
7	144074929	146222177	0.2921
7	146222283	146222865	1.6717
7	146226431	158117595	0.3147
7	158128588	158132165	1.9745
7	158136986	159117329	0.3586
7	159117398	159118724	-0.161
7	159118778	159127004	-0.3156
8	31254	2701934	-0.1179
8	2703533	2707171	-0.8732
8	2707186	3562643	-0.1543
8	3562725	3563251	-1.5384
8	3563509	5995478	-0.1518
8	5997583	5999117	-1.7304
8	5999421	23402308	-0.1085
8	23407740	23407871	-1.3054
8	23407905	36934052	-0.12
8	36934346	37038562	0.181
8	37038633	39230325	-0.0874
8	39230659	39384124	0.4452
8	39384700	43747688	-0.1004
8	43749049	72215311	0.249
8	72215364	72216599	-1.8837
8	72219863	112291494	0.3208
8	112294279	112295260	1.2289
8	112300281	115634907	0.3172
8	115635080	115635354	-0.9881
8	115635686	115641731	-0.276
8	115650697	142839617	0.3342
8	142842650	142846751	1.5591
8	142847203	146298155	0.383
9	46587	17636337	-0.388
9	17636427	17636674	-1.5823
9	17641128	35000920	-0.4433
9	35002131	35843080	0.1091
9	35848188	35927176	-0.4337
9	35929439	36931901	0.2134
9	36932319	39743166	-0.3987
9	39769325	41600382	0.0794
9	41600614	44272951	-0.3876
9	44273241	90522594	0.1298
9	90554151	90554219	-1.8151
9	90557957	141032943	0.1409
9	141033148	141091394	-0.1717
10	72759	18173963	0.2726
10	18185123	18199813	-1.595
10	18223647	19921036	0.2521
10	19921103	19921120	-0.9921
10	19921183	24377674	0.2625
10	24377675	24378054	1.4893
10	24378908	39074821	0.2616
10	39076206	46256781	-0.5309
10	46293619	47771030	-0.0793
10	47897394	48771950	-0.5585
10	48837810	49392088	-0.1236
10	49395611	67306079	-0.5663
10	67306158	67322795	-0.1112
10	67322926	69960091	-0.5663
10	69960835	69964120	-1.9513
10	69968189	78252851	-0.5499
10	78257061	78257610	1.3796
10	78261267	81352768	-0.5554
10	81355072	81644092	-0.1813
10	81652266	95227212	-0.5421
10	95230592	124344109	-0.2009
10	124344223	124351013	-1.3807
10	124356812	132270771	-0.1999
10	132270842	132270895	-1.7223
10	132271141	135229141	-0.1995
10	135229719	135229868	-1.8273
10	135232654	135432865	-0.2829
10	135434551	135506704	0.1033
11	198510	4970367	-0.4204
11	4972005	4976614	-0.8755
11	4976814	5787405	-0.463
11	5788080	5809338	-1.525
11	5809461	6116105	-0.458
11	6116843	6122503	-1.4627
11	6123888	18940856	-0.4341
11	18940870	18970748	0.1264
11	18971175	26040243	-0.4537
11	26040335	26040644	-1.7061
11	26041780	38590961	-0.4509
11	38591526	38592891	-2.0351
11	38599637	39135318	-0.4666
11	39136167	39137243	-3.1308
11	39137256	49708375	-0.4366
11	49710861	49757591	-1.9585
11	49757671	51176743	-0.4128
11	51183575	51205162	-1.931
11	51215436	55374032	-0.1841
11	55374048	55442318	0.3829
11	55444211	55445945	-0.5059
11	55447237	55453576	0.5107
11	55460683	64659837	-0.0926
11	64663227	64682327	0.6265
11	64685388	83668182	-0.0877
11	83668185	83670320	-2.2997
11	83670325	107238814	-0.1238
11	107238931	107239128	-3.1601
11	107252362	134944770	-0.1094
12	150442	9467809	-0.0807
12	9472365	9472643	-1.4459
12	9473157	9633870	-0.0289
12	9637909	9713674	-1.5262
12	9714954	11222710	-0.1189
12	11224689	11241532	-1.224
12	11251874	18167911	-0.1057
12	18174203	19743609	0.1477
12	19743655	33294498	-0.1235
12	33294511	33317572	0.1479
12	33319586	33385830	-0.1534
12	33386757	33395142	-1.5988
12	33395418	50372026	-0.1116
12	50375648	53160829	0.1957
12	53162528	65898330	-0.1084
12	65899174	73298158	0.1459
12	73298808	73303490	-0.9495
12	73305611	73987781	0.1377
12	73991426	73997381	-0.6565
12	73998586	112173208	0.14
12	112181071	112314335	0.7361
12	112314714	132120247	0.1384
12	132120586	132133335	0.6305
12	132142331	133778189	0.1978
13	19026949	33720840	-0.3909
13	33720890	38070044	-0.0703
13	38070370	38084757	0.6465
13	38088330	57671886	-0.0828
13	57673811	57673830	-2.07
13	57676364	85330576	-0.0894
13	85334802	85430293	0.1343
13	85430982	95597704	-0.0947
13	95598308	95598318	-1.9971
13	95603622	115108397	-0.0978
14	19002124	19689317	0.0024
14	19693231	19795585	-0.7821
14	19796184	20157843	-0.0306
14	20200183	20422583	-0.5858
14	20423372	34638094	-0.1026
14	34638971	35038045	0.1547
14	35038913	68229046	-0.1097
14	68234539	68567568	0.1759
14	68569189	101703675	-0.1125
14	101706766	106530364	0.3652
14	106530687	106561441	1.2285
14	106567100	106715489	0.32
14	106717356	106727469	-0.2576
14	106728162	106796228	0.3141
14	106796697	106821736	-0.8519
14	106825916	106893273	0.3511
14	106893456	106918048	0.6402
14	106918057	107285437	0.3145
15	20016328	20395529	-0.1541
15	20411378	22560362	0.1962
15	22566658	102469040	-0.1037
16	60777	3211320	0.2007
16	3214686	3248359	0.7311
16	3250228	31971520	0.1524
16	31975169	32588622	-0.183
16	32588901	32588906	-4.4343
16	32588909	60958702	0.0496
16	60960738	61510069	0.8046
16	61516429	63354351	1.1899
16	63357440	69890927	0.235
16	69891322	69977409	0.5784
16	69977435	78371608	0.1703
16	78372440	78384738	0.8696
16	78384765	78596607	0.1584
16	78599152	78621413	-0.8717
16	78621620	90287535	-0.0321
17	526	18278752	-0.429
17	18278767	18496306	-0.0633
17	18497303	19864431	-0.4091
17	19864787	21303007	0.5612
17	21305392	29976650	0.1215
17	29977309	30114863	0.5355
17	30114974	35857197	-0.4332
17	35866596	37132557	0.166
17	37147358	37287364	1.9504
17	37295342	37876898	2.5247
17	37876934	37877248	0.6643
17	37881273	38197305	2.463
17	38200951	38477271	1.9826
17	38480657	39421708	-0.4132
17	39423014	39423090	0.3201
17	39423103	39430450	1.3149
17	39430531	44059010	-0.3931
17	44059813	44165803	0.0228
17	44166270	44234526	-0.3383
17	44236424	44280676	-0.8283
17	44283376	51012074	-0.421
17	51012956	51027486	-1.0647
17	51032240	54164935	-0.4358
17	54165029	54166295	1.1429
17	54166337	57202284	-0.4303
17	57210069	59096587	2.0616
17	59096763	59795212	1.4595
17	59795457	59912374	1.9006
17	59913028	61632922	0.6636
17	61637421	63112093	-0.4535
17	63116672	63374451	0.536
17	63374721	64809835	-0.4424
17	64810331	65026886	0.1739
17	65028680	68158831	0.5716
17	68158910	68222017	0.3102
17	68222235	70466412	-0.1054
17	70468657	71926893	0.37
17	71931331	72890474	-0.0466
17	72893128	72900423	0.6819
17	72905130	75488933	-0.1065
17	75489427	75629359	-0.4649
17	75631310	75646488	-0.1673
17	75648126	77611029	0.934
17	77630847	79909331	-0.0576
17	79923718	80079435	-0.4375
17	80079775	81049726	-0.0839
18	11543	3576882	-0.0448
18	3582272	5003199	-0.387
18	5003537	5949948	-0.7052
18	5952499	38258236	-0.3061
18	38258335	38265389	0.0642
18	38268024	51524201	-0.3006
18	51524842	51525152	-1.6629
18	51528368	64950093	-0.3061
18	64950121	64950201	0.8355
18	64950216	67314577	-0.3099
18	67315898	67317946	-2.143
18	67318377	78015057	-0.3156
19	90910	8389011	-0.3952
19	8389520	35849322	-0.0854
19	35849493	35861170	-0.6833
19	35861649	43686151	-0.1907
19	43687847	43740965	0.3545
19	43753301	43916901	-0.2086
19	43918852	44172025	0.1036
19	44178437	48401511	-0.1973
19	48401862	50222914	0.061
19	50223819	51986674	-0.1998
19	51987089	59097854	0.0669
20	61305	1560787	0.4676
20	1560802	1582207	1.1035
20	1590257	26305491	0.4553
20	26305579	29493853	-0.4694
20	29498271	62956153	0.3545
21	10736871	11018107	0.0472
21	11039219	11125850	-0.5678
21	11157989	14414137	-0.1926
21	14415664	14786199	0.1904
21	14790597	14818933	-0.2126
21	14819708	46922758	0.2576
21	46924193	46976694	0.8178
21	46979646	48096957	0.4727
22	16052528	16055207	-1.1657
22	16058854	16980850	-0.1347
22	16980976	19004772	-0.432
22	19004899	19195295	-0.0038
22	19196112	21465672	-0.3496
22	21465835	21708030	-1.189
22	21708108	22386434	-0.3446
22	22386829	22890044	0.0607
22	22890066	24344422	-0.442
22	24350529	24401529	0.3703
22	24402321	25682780	-0.4196
22	25684408	25775490	-0.1597
22	25775597	30607461	-0.4462
22	30610527	38517487	-0.0773
22	38520887	38528494	0.8624
22	38529140	39290920	0.1065
22	39295255	39296904	-2.5006
22	39299114	39369801	-0.0361
22	39369897	39419853	0.2757
22	39424514	42489929	-5e-04
22	42490333	42892439	0.3514
22	42892582	42934462	0.8991
22	42942962	44811422	0.1435
22	44811548	45630708	-0.2044
22	45643706	47238426	0.1641
22	47238973	47358746	-0.155
22	47360389	47363064	-0.7441
22	47363256	47453537	-0.1855
22	47454201	51234455	-0.424
X	168477	50030164	-0.208
X	50032376	53669488	0.4041
X	53676588	55690245	0.1393
X	55690731	55707686	0.7508
X	55714337	57167713	0.1552
X	57168687	57176506	0.8431
X	57176582	57585818	0.1017
X	57589600	61958064	0.4141
X	61967759	131980384	0.1095
X	131980481	132305870	0.3762
X	132305971	150292898	0.1178
X	150293934	150295459	-1.7515
X	150296555	153566731	0.1302
X	153567425	153610215	0.4099
X	153610257	154779777	0.1731
X	154779941	154785778	-0.4008
X	154787556	155182354	0.0919
Y	2650438	59018259	-0.751
