1	11591050	21	15	41.67
1	17274957	10	4	28.57
1	178490385	260	127	32.82
1	179079445	419	76	15.35
1	210016796	116	15	11.45
10	96535205	259	85	24.71
11	33795959	20	9	31.03
11	64820974	21	8	27.59
12	121880585	19	15	44.12
12	123355506	120	79	39.50
12	51318953	171	34	16.59
12	57922185	13	12	48.00
12	58008164	88	19	16.67
12	88481688	149	31	17.22
13	101726980	56	18	24.32
15	45661631	253	68	21.18
15	64717756	227	65	22.26
15	75248395	10	16	61.54
15	75684981	104	88	45.83
16	87452476	79	29	26.85
16	88505654	25	12	32.43
17	7579311	6	10	62.50
18	2946472	64	11	14.67
19	23545146	129	55	29.89
19	33095253	48	11	18.64
19	37643072	77	23	23.00
19	51274851	63	9	12.50
19	53793146	101	62	38.04
2	113994287	28	9	24.32
2	209307155	384	107	21.75
2	231033848	104	21	16.80
2	231077653	147	34	18.68
2	43805695	48	11	18.33
20	61512792	81	13	13.68
3	195516064	193	38	16.38
4	96035920	151	117	43.66
5	140871075	22	5	18.52
5	149310662	104	64	38.10
5	64865548	132	31	19.02
5	79033448	40	27	40.30
5	82815167	52	6	10.34
5	82817148	108	29	21.17
6	116720421	58	13	18.31
6	138198386	81	55	40.44
6	17688750	186	53	22.18
7	103234235	263	47	15.16
7	134925368	34	10	22.73
7	45120522	49	25	33.78
7	72892482	222	44	16.54
8	38385938	167	53	24.09
8	77764150	117	41	25.79
8	99146755	141	137	49.28
9	121930072	70	19	21.35
9	35057429	54	14	20.59
9	82227582	308	94	23.33
X	152827663	71	26	26.80
